18036
18041
18054
18055
18070
18073
18074
18076
18077
18081
18084
18901
18902
18910
18911
18912
18913
18914
18915
18916
18917
18920
18922
18923
18925
18927
18929
18930
18932
18934
18935
18936
18938
18940
18942
18943
18944
18946
18947
18950
18951
18953
18954
18955
18957
18960
18963
18964
18966
18968
18969
18970
18972
18974
18976
18977
18981
19001
19002
19003
19004
19006
19007
19008
19009
19010
19012
19013
19014
19015
19016
19017
19018
19020
19021
19022
19023
19025
19026
19027
19029
19030
19031
19032
19033
19034
19035
19036
19038
19040
19041
19043
19044
19046
19047
19050
19052
19053
19054
19055
19056
19057
19060
19061
19063
19064
19066
19067
19070
19072
19073
19074
19075
19076
19078
19079
19081
19082
19083
19085
19086
19087
19090
19094
19095
19096
19101
19102
19103
19104
19105
19106
19107
19111
19112
19114
19115
19116
19118
19119
19120
19121
19122
19123
19124
19125
19126
19127
19128
19129
19130
19131
19132
19133
19134
19135
19136
19137
19138
19139
19140
19141
19142
19143
19144
19145
19146
19147
19148
19149
19150
19151
19152
19153
19154
19301
19310
19311
19312
19316
19317
19320
19330
19331
19333
19335
19341
19342
19343
19344
19345
19346
19348
19350
19351
19352
19355
19358
19360
19362
19363
19365
19367
19369
19372
19373
19374
19375
19376
19380
19382
19383
19390
19401
19403
19405
19406
19407
19421
19422
19425
19426
19428
19430
19432
19436
19438
19440
19442
19444
19446
19450
19451
19453
19454
19456
19457
19460
19462
19464
19465
19468
19472
19473
19474
19475
19477
19478
19480
19481
19482
19490
19492
19504
19505
19512
19520
19525
